Layer	  Height	  log(P)	Temp_bound.	     Rflux	 isequil	dt
0	0.000000	7.301030	1025.038641	 -0.000062	0	1.232234e-28
1	52.912166	7.215188	985.469264	  0.000000	1	1.760095e-05
2	103.765497	7.129346	946.843273	  0.000000	1	1.760095e-05
3	152.670488	7.043504	911.480475	 -0.000000	1	1.760095e-05
4	199.905906	6.957662	883.427628	 -0.000000	1	1.760095e-05
5	245.717367	6.871820	857.399089	  0.000000	1	1.760095e-05
6	290.214143	6.785978	833.489074	  0.000000	1	1.760095e-05
7	333.505520	6.700137	811.608494	  0.000000	1	1.760095e-05
8	375.692314	6.614295	791.522205	 -0.000000	1	1.760095e-05
9	416.848826	6.528453	772.464083	 -0.000000	1	1.760095e-05
10	457.018046	6.442611	754.013904	 -0.000000	1	1.760095e-05
11	496.219824	6.356769	735.709121	 -0.000000	1	1.760095e-05
12	534.450013	6.270927	717.097268	 -0.000000	1	1.760095e-05
13	571.680853	6.185085	697.757590	 -0.000000	1	1.760095e-05
14	607.865651	6.099243	677.356264	 -0.000000	1	1.760095e-05
15	642.943838	6.013401	655.739534	 -0.000000	1	1.760095e-05
16	676.855354	5.927559	633.041671	 -0.000000	1	1.760095e-05
17	709.550716	5.841717	609.544303	 -0.000000	1	1.760095e-05
18	741.007349	5.755875	585.978406	  0.000000	1	1.760095e-05
19	771.228485	5.670034	562.605956	  0.000000	1	1.760095e-05
20	800.235732	5.584192	539.853264	  0.000000	1	1.760095e-05
21	828.070523	5.498350	518.049523	  0.000000	1	1.760095e-05
22	854.789315	5.412508	497.442926	 -0.000000	1	1.760095e-05
23	880.445897	5.326666	477.680747	  0.000000	1	1.760095e-05
24	905.076648	5.240824	458.453051	  0.000000	1	1.760095e-05
25	928.713984	5.154982	439.923834	  0.000000	1	1.760095e-05
26	951.407516	5.069140	422.584912	 -0.000000	1	1.760095e-05
27	973.244678	4.983298	407.378646	 -0.000000	1	1.760095e-05
28	994.318179	4.897456	393.552504	 -0.000000	1	1.760095e-05
29	1014.657670	4.811614	379.487835	 -0.000000	1	1.760095e-05
30	1034.244954	4.725772	364.966160	 -0.000000	1	1.760095e-05
31	1053.047798	4.639931	349.666663	 -0.000000	1	1.760095e-05
32	1070.980302	4.554089	331.891779	  0.000000	1	1.760095e-05
33	1087.946092	4.468247	312.923856	  0.000000	1	1.760095e-05
34	1103.906708	4.382405	293.689250	  0.000000	1	1.760095e-05
35	1118.871696	4.296563	275.080964	  0.000000	0	1.760095e-05
36	1132.883407	4.210721	257.458830	 -0.000000	1	1.760095e-05
37	1146.038210	4.124879	242.510350	 -0.000000	1	1.760095e-05
38	1158.458284	4.039037	229.532141	  0.000000	0	1.760095e-05
39	1170.350307	3.953195	222.440604	  0.000000	1	1.760095e-05
40	1181.903827	3.867353	216.669518	  0.000000	0	2.904156e-05
41	1193.183633	3.781511	212.039086	 -0.000000	1	1.760095e-05
42	1204.246055	3.695669	208.407751	  0.000000	1	1.760095e-05
43	1215.141362	3.609828	205.688891	  0.000000	0	1.760095e-05
44	1225.909677	3.523986	203.583876	  0.000000	1	1.760095e-05
45	1236.578710	3.438144	201.912342	  0.000000	1	1.760095e-05
46	1247.167323	3.352302	200.526069	 -0.000000	1	2.904156e-05
47	1257.682832	3.266460	199.131461	  0.000000	1	2.904156e-05
48	1268.123043	3.180618	197.668780	 -0.000001	1	4.791857e-05
49	1278.495471	3.094776	196.554832	 -0.000000	1	4.791857e-05
50	1288.825928	3.008934	196.066814	 -0.000001	1	4.791857e-05
51	1299.129233	2.923092	195.531340	 -0.000001	1	4.791857e-05
52	1309.386386	2.837250	194.309036	 -0.000000	1	4.791857e-05
53	1319.568773	2.751408	192.692196	 -0.000000	1	4.791857e-05
54	1329.654573	2.665566	190.631455	 -0.000002	1	4.791857e-05
55	1339.620154	2.579725	188.129784	 -0.000001	1	4.791857e-05
56	1349.444427	2.493883	185.258066	 -0.000006	1	7.906565e-05
57	1359.111975	2.408041	182.173273	 -0.000005	1	7.906565e-05
58	1368.618051	2.322199	179.122155	 -0.000003	1	7.906565e-05
59	1377.973926	2.236357	176.461525	 -0.000001	1	7.906565e-05
60	1387.213330	2.150515	174.694823	 -0.000001	1	7.906565e-05
61	1396.408039	2.064673	174.764165	 -0.000007	1	7.906565e-05
62	1405.640917	1.978831	176.145486	 -0.000011	1	7.906565e-05
63	1414.917808	1.892989	176.437834	  0.000004	1	1.304583e-04
64	1424.193556	1.807147	176.101884	  0.000003	1	1.304583e-04
65	1433.451259	1.721305	175.748817	 -0.000031	1	1.304583e-04
66	1442.692086	1.635463	175.471265	  0.000031	1	1.304583e-04
67	1451.924447	1.549622	175.416262	 -0.000111	1	2.152562e-04
68	1461.164158	1.463780	175.755378	 -0.000010	1	1.304583e-04
69	1470.437952	1.377938	176.707207	  0.000018	1	1.304583e-04
70	1479.785258	1.292096	178.550548	 -0.000175	1	2.152562e-04
71	1489.263612	1.206254	181.686208	 -0.000428	1	1.304583e-04
72	1498.955912	1.120412	186.688342	 -0.000090	1	3.551728e-04
73	1508.963792	1.034570	193.678758	 -0.003750	1	1.304583e-04
74	1519.290988	0.948728	198.829070	  0.000105	1	2.152562e-04
75	1529.803620	0.862886	200.722296	 -0.003286	1	2.152562e-04
76	1540.398295	0.777044	201.947367	  0.000002	1	3.551728e-04
77	1551.049149	0.691202	202.855982	 -0.009322	1	3.551728e-04
78	1561.745140	0.605360	203.666957	 -0.041696	1	3.551728e-04
79	1572.485698	0.519519	204.545347	  0.000999	1	9.669579e-04
80	1583.276643	0.433677	205.584298	 -0.004873	1	9.669579e-04
81	1594.126093	0.347835	206.767972	 -0.080372	1	9.669579e-04
82	1605.040782	0.261993	208.064240	 -0.007594	1	1.595481e-03
83	1616.028063	0.176151	209.523681	  1.305190	1	1.595481e-03
84	1627.099827	0.090309	211.281549	  0.004576	1	4.343696e-03
85	1638.262083	0.004467	212.959480	  0.006610	1	2.632543e-03
86	1649.490211	-0.081375	213.785598	 -0.496804	1	9.669579e-04
87	1660.744074	-0.167217	213.935010	 -0.019162	1	4.343696e-03
88	1671.998951	-0.253059	213.824961	 -0.045650	1	4.343696e-03
89	1683.240742	-0.338901	213.439444	 -0.016413	1	4.343696e-03
90	1694.456027	-0.424743	212.819390	 -0.022735	1	5.860351e-04
91	1705.634453	-0.510584	212.030821	 -0.002031	1	5.860351e-04
92	1716.768880	-0.596426	211.154007	 -0.000727	1	3.551728e-04
93	1727.856381	-0.682268	210.245108	 -0.001244	1	1.304583e-04
94	1738.895414	-0.768110	209.312700	  0.000132	1	5.860351e-04
95	1749.884124	-0.853952	208.328638	 -0.000975	1	2.152562e-04
96	1760.819276	-0.939794	207.277314	  0.000151	1	9.669579e-04
97	1771.696242	-1.025636	206.118529	 -0.001769	1	1.304583e-04
98	1782.509700	-1.111478	204.866213	  0.000282	1	9.669579e-04
99	1793.257715	-1.197320	203.628350	 -0.000710	1	9.669579e-04
100	1803.941890	-1.283162	202.448563	 -0.000467	1	3.551728e-04
101	1814.566169	-1.369004	201.345343	 -0.000666	1	5.860351e-04
102	1825.133229	-1.454846	200.271974	  0.000301	1	2.632543e-03
103	1835.639016	-1.540687	199.017241	 -0.000819	1	3.551728e-04
104	1846.074165	-1.626529	197.587181	 -0.000674	1	2.632543e-03
105	1856.433420	-1.712371	196.136715	  0.000013	1	9.669579e-04
106	1866.714290	-1.798213	194.606664	 -0.000465	1	2.632543e-03
107	1876.910318	-1.884055	192.912356	  0.000061	1	9.669579e-04
108	1887.009814	-1.969897	190.936075	 -0.000316	1	1.595481e-03
109	1896.994907	-2.055739	188.567412	  0.000078	1	1.595481e-03
110	1906.843990	-2.141581	185.764302	 -0.000271	1	1.595481e-03
111	1916.535923	-2.227423	182.594846	  0.000065	1	1.595481e-03
112	1926.055506	-2.313265	179.218658	 -0.000205	1	1.595481e-03
113	1935.396797	-2.399107	175.811986	  0.000051	1	1.595481e-03
114	1944.560515	-2.484949	172.469964	 -0.000148	1	1.595481e-03
115	1953.547929	-2.570790	169.109841	  0.000103	1	1.595481e-03
116	1962.348254	-2.656632	165.362881	 -0.000123	1	1.595481e-03
117	1970.925337	-2.742474	160.622953	  0.000031	1	1.595481e-03
118	1979.217795	-2.828316	154.544097	 -0.000078	1	1.595481e-03
119	1987.170323	-2.914158	147.708136	  0.000007	1	9.669579e-04
120	1994.792679	-3.000000	141.995509	 -0.000219	1	7.906565e-05
