Layer	    Height	  log(P)	      cp	   lapse	nClouds	isconv	Conv_Region	  Pot_Temp	Temp_center
1	 52.537888	7.215188	29.177820	0.284959	0	0	0	0.000000e+00	998.166967
2	102.869522	7.129346	29.045292	0.286259	0	0	0	0.000000e+00	956.277157
3	151.066625	7.043504	28.924912	0.287450	0	0	0	0.000000e+00	915.753571
4	197.405410	6.957662	28.826779	0.288429	0	0	0	0.000000e+00	880.472419
5	242.141553	6.871820	28.747372	0.289225	0	0	0	0.000000e+00	850.041702
6	285.387022	6.785978	28.678103	0.289924	0	0	0	0.000000e+00	821.733736
7	327.266215	6.700137	28.618579	0.290527	0	0	0	0.000000e+00	795.789484
8	367.581800	6.614295	28.555161	0.291172	0	0	0	0.000000e+00	766.091098
9	406.100759	6.528453	28.488677	0.291852	0	0	0	0.000000e+00	731.956694
10	442.900491	6.442611	28.431515	0.292439	0	0	0	0.000000e+00	699.294038
11	478.082475	6.356769	28.383428	0.292934	0	0	0	0.000000e+00	668.557411
12	511.764892	6.270927	28.343627	0.293345	0	0	0	0.000000e+00	640.068653
13	544.090637	6.185085	28.311382	0.293679	0	0	0	0.000000e+00	614.286107
14	575.213866	6.099243	28.285492	0.293948	0	0	0	0.000000e+00	591.438751
15	605.149098	6.013401	28.262087	0.294192	0	0	0	0.000000e+00	568.867417
16	633.730706	5.927559	28.237621	0.294447	0	0	0	0.000000e+00	543.144305
17	660.940269	5.841717	28.214404	0.294689	0	0	0	0.000000e+00	517.069535
18	686.946085	5.755875	28.211363	0.294721	0	0	0	0.000000e+00	494.195399
19	711.900512	5.670034	28.193649	0.294906	0	0	0	0.000000e+00	474.216370
20	735.864435	5.584192	28.175788	0.295093	0	0	0	0.000000e+00	455.395707
21	758.860297	5.498350	28.156428	0.295296	0	0	0	0.000000e+00	436.996884
22	780.978297	5.412508	28.136344	0.295506	0	0	0	0.000000e+00	420.314484
23	802.353432	5.326666	28.116779	0.295712	0	0	0	0.000000e+00	406.197117
24	823.122068	5.240824	28.087911	0.296016	0	0	0	0.000000e+00	394.675539
25	843.398190	5.154982	28.071540	0.296189	0	0	0	0.000000e+00	385.316038
26	863.302387	5.069140	28.057897	0.296333	0	0	0	0.000000e+00	378.247587
27	882.538515	4.983298	28.030292	0.296625	0	0	0	0.000000e+00	365.548642
28	900.815522	4.897456	27.981848	0.297138	0	0	0	0.000000e+00	347.324210
29	918.238682	4.811614	27.927771	0.297713	0	0	0	0.000000e+00	331.098507
30	934.845952	4.725772	27.863611	0.298399	0	0	0	0.000000e+00	315.593447
31	950.694146	4.639931	27.792716	0.299160	0	0	0	0.000000e+00	301.168120
32	965.680278	4.554089	27.244375	0.305181	0	1	1	2.922554e+02	284.783475
33	979.867769	4.468247	27.130186	0.306466	0	0	0	0.000000e+00	269.607970
34	993.436347	4.382405	27.087986	0.164624	1	1	2	2.596045e+02	257.846390
35	1006.369719	4.296563	27.027960	0.225550	1	1	2	2.596045e+02	245.777965
36	1018.925784	4.210721	26.827511	0.252550	1	0	0	0.000000e+00	238.607105
37	1031.290906	4.124879	26.759338	0.310713	0	0	0	0.000000e+00	234.979423
38	1043.598737	4.039037	26.750885	0.310811	0	0	0	0.000000e+00	233.889538
39	1055.902813	3.953195	26.750329	0.310818	0	0	0	0.000000e+00	233.817853
40	1067.852164	3.867353	26.703743	0.269766	1	0	0	0.000000e+00	227.077486
41	1079.343970	3.781511	26.633831	0.290710	1	0	0	0.000000e+00	218.380562
42	1090.336136	3.695669	26.560070	0.304124	1	1	3	2.132861e+02	208.887852
43	1100.578228	3.609828	26.510740	0.312277	1	1	3	2.132861e+02	194.633593
44	1110.444260	3.523986	26.552609	0.312630	1	0	0	0.000000e+00	187.487721
45	1120.527381	3.438144	26.525115	0.313457	0	0	0	0.000000e+00	191.614572
46	1130.832915	3.352302	26.500084	0.313753	0	0	0	0.000000e+00	195.838657
47	1141.232242	3.266460	26.489520	0.313878	0	0	0	0.000000e+00	197.620934
48	1151.704112	3.180618	26.481339	0.313975	0	0	0	0.000000e+00	199.000327
49	1162.235968	3.094776	26.476447	0.314033	0	0	0	0.000000e+00	200.142440
50	1172.839926	3.008934	26.487061	0.313907	0	0	0	0.000000e+00	201.512462
51	1183.512485	2.923092	26.497218	0.313787	0	0	0	0.000000e+00	202.812950
52	1194.187836	2.837250	26.497641	0.313782	0	0	0	0.000000e+00	202.866475
53	1204.872689	2.751408	26.499016	0.313765	0	0	0	0.000000e+00	203.046823
54	1215.575585	2.665566	26.501665	0.313734	0	0	0	0.000000e+00	203.390819
55	1226.223798	2.579725	26.493632	0.313829	0	0	0	0.000000e+00	202.351787
56	1236.557658	2.493883	26.496852	0.313791	0	0	0	0.000000e+00	196.378809
57	1246.391876	2.408041	26.553275	0.313124	0	0	0	0.000000e+00	186.881460
58	1256.219697	2.322199	26.553942	0.313116	0	0	0	0.000000e+00	186.760841
59	1266.564617	2.236357	26.495613	0.313806	0	0	0	0.000000e+00	196.587995
60	1277.286712	2.150515	26.504477	0.313701	0	0	0	0.000000e+00	203.757980
61	1288.184364	2.064673	26.530391	0.313394	0	0	0	0.000000e+00	207.088978
62	1299.270632	1.978831	26.558178	0.313066	0	0	0	0.000000e+00	210.676257
63	1310.496806	1.892989	26.578800	0.312823	0	0	0	0.000000e+00	213.334238
64	1321.800628	1.807147	26.590231	0.312689	0	0	0	0.000000e+00	214.810469
65	1333.157488	1.721305	26.598040	0.312597	0	0	0	0.000000e+00	215.817747
66	1344.559090	1.635463	26.604661	0.312519	0	0	0	0.000000e+00	216.666169
67	1356.002279	1.549622	26.610757	0.312448	0	0	0	0.000000e+00	217.458532
68	1367.480479	1.463780	26.615936	0.312387	0	0	0	0.000000e+00	218.123856
69	1378.989471	1.377938	26.620482	0.312334	0	0	0	0.000000e+00	218.708427
70	1390.544304	1.292096	26.627207	0.312255	0	0	0	0.000000e+00	219.581711
71	1402.156497	1.206254	26.635642	0.312156	0	0	0	0.000000e+00	220.672109
72	1413.825500	1.120412	26.644048	0.312057	0	0	0	0.000000e+00	221.749940
73	1425.561205	1.034570	26.653878	0.311942	0	0	0	0.000000e+00	223.017031
74	1437.357943	0.948728	26.662891	0.311837	0	0	0	0.000000e+00	224.175817
75	1449.155142	0.862886	26.662938	0.311836	0	0	0	0.000000e+00	224.187218
76	1460.943908	0.777044	26.661679	0.311851	0	0	0	0.000000e+00	224.027157
77	1472.749463	0.691202	26.664154	0.311822	0	0	0	0.000000e+00	224.344039
78	1484.554007	0.605360	26.664030	0.311824	0	0	0	0.000000e+00	224.324492
79	1496.349481	0.519519	26.662677	0.311839	0	0	0	0.000000e+00	224.154746
80	1508.132162	0.433677	26.660787	0.311861	0	0	0	0.000000e+00	223.909182
81	1519.896108	0.347835	26.658060	0.311893	0	0	0	0.000000e+00	223.553128
82	1531.632776	0.261993	26.653996	0.311941	0	0	0	0.000000e+00	223.037448
83	1543.337677	0.176151	26.649320	0.311996	0	0	0	0.000000e+00	222.433518
84	1554.962125	0.090309	26.637484	0.312134	0	0	0	0.000000e+00	220.903699
85	1566.541007	0.004467	26.630769	0.312213	0	0	0	0.000000e+00	220.035547
86	1578.102610	-0.081375	26.628247	0.312243	0	0	0	0.000000e+00	219.707633
87	1589.599811	-0.167217	26.618733	0.312354	0	0	0	0.000000e+00	218.483604
88	1601.021763	-0.253059	26.607662	0.312484	0	0	0	0.000000e+00	217.053864
89	1612.374814	-0.338901	26.597492	0.312604	0	0	0	0.000000e+00	215.744066
90	1623.632001	-0.424743	26.583377	0.312770	0	0	0	0.000000e+00	213.923380
91	1634.823198	-0.510584	26.573639	0.312884	0	0	0	0.000000e+00	212.670153
92	1645.990832	-0.596426	26.570181	0.312925	0	0	0	0.000000e+00	212.221453
93	1657.100300	-0.682268	26.561611	0.313026	0	0	0	0.000000e+00	211.114678
94	1668.157101	-0.768110	26.553887	0.313117	0	0	0	0.000000e+00	210.112657
95	1679.160194	-0.853952	26.545918	0.313211	0	0	0	0.000000e+00	209.094270
96	1690.106576	-0.939794	26.537563	0.313310	0	0	0	0.000000e+00	208.016025
97	1700.990853	-1.025636	26.528408	0.313418	0	0	0	0.000000e+00	206.837808
98	1711.807470	-1.111478	26.518417	0.313536	0	0	0	0.000000e+00	205.552357
99	1722.548333	-1.197320	26.507248	0.313668	0	0	0	0.000000e+00	204.112294
100	1733.214897	-1.283162	26.496351	0.313797	0	0	0	0.000000e+00	202.699400
101	1743.811201	-1.369004	26.485954	0.313920	0	0	0	0.000000e+00	201.363589
102	1754.333099	-1.454846	26.475639	0.314042	0	0	0	0.000000e+00	199.952789
103	1764.777475	-1.540687	26.484366	0.313939	0	0	0	0.000000e+00	198.480353
104	1775.144873	-1.626529	26.493108	0.313835	0	0	0	0.000000e+00	197.014332
105	1785.440083	-1.712371	26.501233	0.313739	0	0	0	0.000000e+00	195.642996
106	1795.660207	-1.798213	26.509612	0.313640	0	0	0	0.000000e+00	194.220177
107	1805.796014	-1.884055	26.519228	0.313526	0	0	0	0.000000e+00	192.614386
108	1815.867539	-1.969897	26.526377	0.313442	0	0	0	0.000000e+00	191.395237
109	1825.870726	-2.055739	26.534216	0.313349	0	0	0	0.000000e+00	190.092586
110	1835.771645	-2.141581	26.545664	0.313214	0	0	0	0.000000e+00	188.151278
111	1845.554649	-2.227423	26.559008	0.313057	0	0	0	0.000000e+00	185.909839
112	1855.204425	-2.313265	26.574030	0.312880	0	0	0	0.000000e+00	183.377700
113	1864.719287	-2.399107	26.589228	0.312701	0	0	0	0.000000e+00	180.814683
114	1874.125372	-2.484949	26.601552	0.312556	0	0	0	0.000000e+00	178.745407
115	1883.405169	-2.570790	26.615785	0.312389	0	0	0	0.000000e+00	176.346436
116	1892.630309	-2.656632	26.621961	0.312316	0	0	0	0.000000e+00	175.306473
117	1901.903747	-2.742474	26.616475	0.312381	0	0	0	0.000000e+00	176.226472
118	1911.231340	-2.828316	26.610327	0.312453	0	0	0	0.000000e+00	177.255870
119	1920.406816	-2.914158	26.627519	0.312251	0	0	0	0.000000e+00	174.364694
120	1929.440494	-3.000000	26.643479	0.312064	0	0	0	0.000000e+00	171.671641
