Layer	  Height	  log(P)	Temp_bound.	     Rflux	 isequil	dt
0	0.000000	7.301030	1019.108360	 -0.000200	0	1.232234e-28
1	52.537888	7.215188	977.225574	 -0.000195	1	9.311097e-03
2	102.869522	7.129346	935.328741	 -0.000034	1	9.311097e-03
3	151.066625	7.043504	896.178402	 -0.000000	1	9.311097e-03
4	197.405410	6.957662	864.766436	 -0.000019	1	1.027177e-04
5	242.141553	6.871820	835.316969	 -0.000060	1	7.613444e-04
6	285.387022	6.785978	808.150503	 -0.000001	1	5.643089e-03
7	327.266215	6.700137	783.428465	 -0.000000	1	3.420054e-03
8	367.581800	6.614295	748.753731	 -0.000000	1	3.420054e-03
9	406.100759	6.528453	715.159657	 -0.000000	1	5.643089e-03
10	442.900491	6.442611	683.428418	 -0.000000	1	2.072760e-03
11	478.082475	6.356769	653.686404	 -0.000007	1	1.256218e-03
12	511.764892	6.270927	626.450902	 -0.000000	1	3.420054e-03
13	544.090637	6.185085	602.121311	 -0.000119	1	2.796490e-04
14	575.213866	6.099243	580.756190	 -0.000062	1	1.256218e-03
15	605.149098	6.013401	556.978644	 -0.000001	1	3.420054e-03
16	633.730706	5.927559	529.309966	 -0.000001	1	2.072760e-03
17	660.940269	5.841717	504.829104	 -0.000003	1	7.613444e-04
18	686.946085	5.755875	483.561693	 -0.000000	1	2.072760e-03
19	711.900512	5.670034	464.871047	  0.000000	1	2.072760e-03
20	735.864435	5.584192	445.920367	 -0.000000	1	1.256218e-03
21	758.860297	5.498350	428.073401	 -0.000103	1	4.614208e-04
22	780.978297	5.412508	412.555567	  0.000002	1	2.072760e-03
23	802.353432	5.326666	399.838666	  0.000000	1	2.072760e-03
24	823.122068	5.240824	389.512412	  0.000003	1	2.072760e-03
25	843.398190	5.154982	381.119664	  0.000003	1	2.072760e-03
26	863.302387	5.069140	375.375510	 -0.000005	1	3.420054e-03
27	882.538515	4.983298	355.721775	 -0.000026	0	7.613444e-04
28	900.815522	4.897456	338.926644	  0.000001	1	3.420054e-03
29	918.238682	4.811614	323.270370	 -0.000010	0	2.072760e-03
30	934.845952	4.725772	307.916524	 -0.004124	0	3.772919e-05
31	950.694146	4.639931	294.419716	 -0.000003	1	5.643089e-03
32	965.680278	4.554089	275.147235	 -0.001538	0	1.027177e-04
33	979.867769	4.468247	264.068706	 -0.000008	0	5.643089e-03
34	993.436347	4.382405	251.624073	 -0.000643	0	4.614208e-04
35	1006.369719	4.296563	239.931857	  0.000003	0	3.420054e-03
36	1018.925784	4.210721	237.282353	 -0.010863	0	2.072760e-03
37	1031.290906	4.124879	232.676493	 -0.000007	0	5.643089e-03
38	1043.598737	4.039037	235.102584	 -0.000042	0	3.420054e-03
39	1055.902813	3.953195	232.533123	  0.000037	0	5.643089e-03
40	1067.852164	3.867353	221.621850	  0.000048	0	5.643089e-03
41	1079.343970	3.781511	215.139274	  0.000044	0	5.643089e-03
42	1090.336136	3.695669	202.636429	  0.000046	0	5.643089e-03
43	1100.578228	3.609828	186.630757	  0.000041	0	5.643089e-03
44	1110.444260	3.523986	188.344685	 -0.004086	0	5.643089e-03
45	1120.527381	3.438144	194.884459	 -0.014877	0	5.643089e-03
46	1130.832915	3.352302	196.792854	 -0.000410	0	9.311097e-03
47	1141.232242	3.266460	198.449013	 -0.000260	0	9.311097e-03
48	1151.704112	3.180618	199.551640	  0.000084	1	9.311097e-03
49	1162.235968	3.094776	200.733240	 -0.000050	1	9.311097e-03
50	1172.839926	3.008934	202.291684	 -0.003450	1	9.311097e-03
51	1183.512485	2.923092	203.334216	 -0.012406	1	9.311097e-03
52	1194.187836	2.837250	202.398733	 -0.008494	0	9.311097e-03
53	1204.872689	2.751408	203.694914	 -0.000501	0	9.311097e-03
54	1215.575585	2.665566	203.086724	  0.000008	1	9.311097e-03
55	1226.223798	2.579725	201.616850	 -0.001174	1	9.311097e-03
56	1236.557658	2.493883	191.140767	 -0.000404	0	9.311097e-03
57	1246.391876	2.408041	182.622153	  0.000473	0	9.311097e-03
58	1256.219697	2.322199	190.899529	 -0.000779	0	3.420054e-03
59	1266.564617	2.236357	202.276462	 -0.001718	0	9.311097e-03
60	1277.286712	2.150515	205.239498	  0.000558	0	9.311097e-03
61	1288.184364	2.064673	208.938459	 -0.025986	1	5.643089e-03
62	1299.270632	1.978831	212.414056	 -0.824301	1	5.643089e-03
63	1310.496806	1.892989	214.254421	 -1.512356	1	3.420054e-03
64	1321.800628	1.807147	215.366517	 -1.063039	1	5.643089e-03
65	1333.157488	1.721305	216.268976	 -0.063676	1	5.643089e-03
66	1344.559090	1.635463	217.063363	  0.001219	1	5.643089e-03
67	1356.002279	1.549622	217.853701	 -0.003156	1	2.072760e-03
68	1367.480479	1.463780	218.394011	 -0.287432	1	7.613444e-04
69	1378.989471	1.377938	219.022844	 -0.037204	1	1.256218e-03
70	1390.544304	1.292096	220.140579	 -0.000674	1	2.072760e-03
71	1402.156497	1.206254	221.203639	  0.000756	1	1.256218e-03
72	1413.825500	1.120412	222.296241	 -0.000951	1	1.256218e-03
73	1425.561205	1.034570	223.737821	 -0.004409	1	1.256218e-03
74	1437.357943	0.948728	224.613814	 -0.145195	1	7.613444e-04
75	1449.155142	0.862886	223.760623	 -0.260804	1	7.613444e-04
76	1460.943908	0.777044	224.293692	 -1.087247	0	7.613444e-04
77	1472.749463	0.691202	224.394387	 39.820915	1	3.420054e-03
78	1484.554007	0.605360	224.254597	 -7.349462	1	5.643089e-03
79	1496.349481	0.519519	224.054895	 -6.793552	1	5.643089e-03
80	1508.132162	0.433677	223.763469	  6.196883	1	5.643089e-03
81	1519.896108	0.347835	223.342788	-31.714440	1	5.643089e-03
82	1531.632776	0.261993	222.732109	 17.528014	1	1.256218e-03
83	1543.337677	0.176151	222.134926	 16.967627	1	5.643089e-03
84	1554.962125	0.090309	219.672472	-26.982778	1	5.643089e-03
85	1566.541007	0.004467	220.398621	 11.249858	1	5.643089e-03
86	1578.102610	-0.081375	219.016646	 14.504948	1	5.643089e-03
87	1589.599811	-0.167217	217.950562	-52.642024	1	5.643089e-03
88	1601.021763	-0.253059	216.157165	 31.479988	1	9.311097e-03
89	1612.374814	-0.338901	215.330967	  1.970978	1	5.643089e-03
90	1623.632001	-0.424743	212.515794	  0.002609	1	1.536331e-02
91	1634.823198	-0.510584	212.824513	  0.305037	1	9.311097e-03
92	1645.990832	-0.596426	211.618393	  0.113065	1	9.311097e-03
93	1657.100300	-0.682268	210.610962	  0.051807	1	9.311097e-03
94	1668.157101	-0.768110	209.614353	  3.270369	1	5.643089e-03
95	1679.160194	-0.853952	208.574186	  0.002390	1	1.536331e-02
96	1690.106576	-0.939794	207.457863	  0.012307	1	1.536331e-02
97	1700.990853	-1.025636	206.217753	  0.004210	1	1.536331e-02
98	1711.807470	-1.111478	204.886960	  0.008318	1	1.536331e-02
99	1722.548333	-1.197320	203.337627	  0.039553	1	1.536331e-02
100	1733.214897	-1.283162	202.061173	  0.100166	1	1.536331e-02
101	1743.811201	-1.369004	200.666005	  0.150264	1	1.536331e-02
102	1754.333099	-1.454846	199.239573	  0.001270	1	2.534946e-02
103	1764.777475	-1.540687	197.721133	  0.000390	1	2.534946e-02
104	1775.144873	-1.626529	196.307532	  0.001624	1	2.534946e-02
105	1785.440083	-1.712371	194.978461	  0.216107	1	1.536331e-02
106	1795.660207	-1.798213	193.461894	  0.144726	1	1.536331e-02
107	1805.796014	-1.884055	191.766879	  0.001624	1	2.534946e-02
108	1815.867539	-1.969897	191.023595	  0.000949	1	2.534946e-02
109	1825.870726	-2.055739	189.161576	  0.002247	1	1.536331e-02
110	1835.771645	-2.141581	187.140979	 -0.000489	1	1.536331e-02
111	1845.554649	-2.227423	184.678699	  0.003194	1	9.311097e-03
112	1855.204425	-2.313265	182.076702	 -0.001164	1	4.182661e-02
113	1864.719287	-2.399107	179.552664	  0.171836	1	1.869708e-06
114	1874.125372	-2.484949	177.938151	 -0.000279	1	9.311097e-03
115	1883.405169	-2.570790	174.754721	  0.000770	1	8.398963e-06
116	1892.630309	-2.656632	175.858226	  0.000018	1	4.614208e-04
117	1901.903747	-2.742474	176.594717	 -0.000008	1	4.614208e-04
118	1911.231340	-2.828316	177.917022	  0.000264	1	8.398963e-06
119	1920.406816	-2.914158	170.812366	 -0.000005	1	4.614208e-04
120	1929.440494	-3.000000	172.530917	  0.000005	1	6.225316e-05
