Layer	    Height	  log(P)	      cp	   lapse	nClouds	isconv	Conv_Region	  Pot_Temp	Temp_center
1	 52.903289	7.215188	29.201731	0.284725	0	0	0	0.000000e+00	1005.080207
2	103.745646	7.129346	29.074394	0.285972	0	0	0	0.000000e+00	965.943192
3	152.638491	7.043504	28.962226	0.287080	0	0	0	0.000000e+00	928.925106
4	199.862008	6.957662	28.871453	0.287982	0	0	0	0.000000e+00	897.223353
5	245.663238	6.871820	28.798137	0.288716	0	0	0	0.000000e+00	870.211752
6	290.151664	6.785978	28.733886	0.289361	0	0	0	0.000000e+00	845.276494
7	333.436588	6.700137	28.678047	0.289925	0	0	0	0.000000e+00	822.415791
8	375.618421	6.614295	28.629458	0.290417	0	0	0	0.000000e+00	801.462671
9	416.771157	6.528453	28.586442	0.290854	0	0	0	0.000000e+00	781.914195
10	456.937603	6.442611	28.547316	0.291252	0	0	0	0.000000e+00	763.178076
11	496.137528	6.356769	28.511031	0.291623	0	0	0	0.000000e+00	744.815967
12	534.366390	6.270927	28.476623	0.291975	0	0	0	0.000000e+00	726.373234
13	571.597060	6.185085	28.443438	0.292316	0	0	0	0.000000e+00	707.416522
14	607.782729	6.099243	28.411060	0.292649	0	0	0	0.000000e+00	687.567096
15	642.862923	6.013401	28.379312	0.292977	0	0	0	0.000000e+00	666.577382
16	676.777017	5.927559	28.348578	0.293294	0	0	0	0.000000e+00	644.428915
17	709.474516	5.841717	28.319279	0.293598	0	0	0	0.000000e+00	621.323421
18	740.931288	5.755875	28.292032	0.293880	0	0	0	0.000000e+00	597.762586
19	771.147711	5.670034	28.267261	0.294138	0	0	0	0.000000e+00	574.199226
20	800.141930	5.584192	28.244744	0.294372	0	0	0	0.000000e+00	550.981624
21	827.954203	5.498350	28.224437	0.294584	0	0	0	0.000000e+00	528.521082
22	854.639729	5.412508	28.205724	0.294780	0	0	0	0.000000e+00	507.112603
23	880.248218	5.326666	28.204742	0.294790	0	0	0	0.000000e+00	486.646941
24	904.810992	5.240824	28.186754	0.294978	0	0	0	0.000000e+00	466.776153
25	928.358444	5.154982	28.167754	0.295177	0	0	0	0.000000e+00	447.479671
26	950.938658	5.069140	28.147237	0.295392	0	0	0	0.000000e+00	429.102606
27	972.639865	4.983298	28.125697	0.295618	0	0	0	0.000000e+00	412.395949
28	993.550206	4.897456	28.092304	0.295970	0	0	0	0.000000e+00	397.367764
29	1013.690174	4.811614	28.066673	0.296240	0	0	0	0.000000e+00	382.727454
30	1033.011318	4.725772	28.034012	0.296585	0	0	0	0.000000e+00	367.168394
31	1051.392532	4.639931	27.989877	0.297053	0	0	0	0.000000e+00	349.305175
32	1068.755337	4.554089	27.929050	0.297700	0	1	1	3.360463e+02	329.952983
33	1085.099667	4.468247	27.845732	0.298591	0	1	1	3.360463e+02	310.599790
34	1100.454046	4.382405	27.301234	0.304546	0	1	1	3.360463e+02	291.785638
35	1114.873030	4.296563	27.160364	0.306125	0	1	1	3.360463e+02	274.009186
36	1128.451625	4.210721	27.032580	0.150109	1	1	1	3.360463e+02	258.036406
37	1141.366011	4.124879	27.070179	0.218466	1	1	1	3.360463e+02	245.419664
38	1153.683247	4.039037	27.021832	0.263630	1	1	1	3.360463e+02	234.068577
39	1165.380546	3.953195	26.954712	0.308461	1	0	0	0.000000e+00	222.290021
40	1176.679981	3.867353	26.908960	0.297913	1	0	0	0.000000e+00	214.728509
41	1187.818423	3.781511	26.886065	0.299973	1	0	0	0.000000e+00	211.666849
42	1198.839857	3.695669	26.869213	0.300912	1	0	0	0.000000e+00	209.444383
43	1209.779480	3.609828	26.857228	0.301092	1	0	0	0.000000e+00	207.888023
44	1220.656926	3.523986	26.847968	0.300848	1	0	0	0.000000e+00	206.707136
45	1231.476467	3.438144	26.839309	0.300502	1	0	0	0.000000e+00	205.608862
46	1242.244139	3.352302	26.831501	0.309877	1	0	0	0.000000e+00	204.621435
47	1252.964648	3.266460	26.824310	0.299332	1	0	0	0.000000e+00	203.726598
48	1263.645144	3.180618	26.818077	0.298410	1	0	0	0.000000e+00	202.966021
49	1274.299241	3.094776	26.813686	0.310083	1	0	0	0.000000e+00	202.461569
50	1284.948912	3.008934	26.812084	0.294425	1	0	0	0.000000e+00	202.381940
51	1295.602573	2.923092	26.811394	0.291053	1	0	0	0.000000e+00	202.457186
52	1306.242149	2.837250	26.808251	0.288046	1	0	0	0.000000e+00	202.185764
53	1316.852947	2.751408	26.803047	0.310206	1	0	0	0.000000e+00	201.641542
54	1327.433113	2.665566	26.797539	0.282824	1	0	0	0.000000e+00	201.057760
55	1337.975072	2.579725	26.791015	0.280444	1	0	0	0.000000e+00	200.333729
56	1348.483647	2.493883	26.789101	0.277496	1	0	0	0.000000e+00	199.695960
57	1358.959340	2.408041	26.791557	0.274205	1	0	0	0.000000e+00	199.073562
58	1369.402256	2.322199	26.793784	0.270663	1	0	0	0.000000e+00	198.451510
59	1379.822381	2.236357	26.794441	0.265873	1	0	0	0.000000e+00	198.015054
60	1390.231327	2.150515	26.792792	0.259293	1	0	0	0.000000e+00	197.804639
61	1400.660368	2.064673	26.785009	0.247946	1	0	0	0.000000e+00	198.185675
62	1411.134246	1.978831	26.770559	0.231123	1	0	0	0.000000e+00	199.039534
63	1421.628276	1.892989	26.758693	0.216128	1	0	0	0.000000e+00	199.419975
64	1432.100703	1.807147	26.755016	0.207290	1	0	0	0.000000e+00	199.010994
65	1442.542692	1.721305	26.752766	0.199767	1	0	0	0.000000e+00	198.433455
66	1452.959796	1.635463	26.747599	0.191069	1	0	0	0.000000e+00	197.960686
67	1463.354607	1.549622	26.740242	0.181738	1	0	0	0.000000e+00	197.536994
68	1473.725076	1.463780	26.733539	0.172721	1	0	0	0.000000e+00	197.074168
69	1484.081324	1.377938	26.720829	0.161778	1	0	0	0.000000e+00	196.801500
70	1494.442610	1.292096	26.694215	0.147270	1	0	0	0.000000e+00	196.899979
71	1504.804558	1.206254	26.666301	0.134089	1	0	0	0.000000e+00	196.911973
72	1515.189782	1.120412	26.621044	0.117823	1	0	0	0.000000e+00	197.354168
73	1525.708312	1.034570	26.582085	0.312785	0	0	0	0.000000e+00	199.888728
74	1536.415751	0.948728	26.608491	0.312474	0	0	0	0.000000e+00	203.477555
75	1547.230899	0.862886	26.624399	0.312288	0	0	0	0.000000e+00	205.522356
76	1558.086349	0.777044	26.630364	0.312218	0	0	0	0.000000e+00	206.288386
77	1568.971859	0.691202	26.634796	0.312166	0	0	0	0.000000e+00	206.862887
78	1579.881231	0.605360	26.638343	0.312124	0	0	0	0.000000e+00	207.315395
79	1590.816683	0.519519	26.642206	0.312079	0	0	0	0.000000e+00	207.808509
80	1601.785671	0.433677	26.647109	0.312022	0	0	0	0.000000e+00	208.450013
81	1612.798605	0.347835	26.653655	0.311945	0	0	0	0.000000e+00	209.281287
82	1623.863782	0.261993	26.661370	0.311855	0	0	0	0.000000e+00	210.275730
83	1634.989206	0.176151	26.670257	0.311751	0	0	0	0.000000e+00	211.420427
84	1646.187701	0.090309	26.681081	0.311624	0	0	0	0.000000e+00	212.807251
85	1657.465238	0.004467	26.692708	0.311489	0	0	0	0.000000e+00	214.312705
86	1668.799167	-0.081375	26.701063	0.311391	0	0	0	0.000000e+00	215.381289
87	1680.151266	-0.167217	26.703756	0.311360	0	0	0	0.000000e+00	215.727742
88	1691.498166	-0.253059	26.702998	0.311368	0	0	0	0.000000e+00	215.628291
89	1702.826440	-0.338901	26.700215	0.311401	0	0	0	0.000000e+00	215.275290
90	1714.123096	-0.424743	26.695575	0.311455	0	0	0	0.000000e+00	214.673033
91	1725.377196	-0.510584	26.689274	0.311529	0	0	0	0.000000e+00	213.864487
92	1736.581424	-0.596426	26.681925	0.311614	0	0	0	0.000000e+00	212.915996
93	1747.732073	-0.682268	26.673990	0.311707	0	0	0	0.000000e+00	211.898771
94	1758.828003	-0.768110	26.665926	0.311801	0	0	0	0.000000e+00	210.856836
95	1769.867229	-0.853952	26.657493	0.311900	0	0	0	0.000000e+00	209.784794
96	1780.847656	-0.939794	26.648836	0.312001	0	0	0	0.000000e+00	208.665912
97	1791.765194	-1.025636	26.639542	0.312110	0	0	0	0.000000e+00	207.470664
98	1802.615076	-1.111478	26.629542	0.312227	0	0	0	0.000000e+00	206.183294
99	1813.395486	-1.197320	26.619288	0.312348	0	0	0	0.000000e+00	204.864249
100	1824.108944	-1.283162	26.609385	0.312464	0	0	0	0.000000e+00	203.590785
101	1834.759233	-1.369004	26.600051	0.312574	0	0	0	0.000000e+00	202.392670
102	1845.351339	-1.454846	26.591477	0.312674	0	0	0	0.000000e+00	201.284888
103	1855.884769	-1.540687	26.582786	0.312777	0	0	0	0.000000e+00	200.168337
104	1866.350105	-1.626529	26.588079	0.312714	0	0	0	0.000000e+00	198.878125
105	1876.740060	-1.712371	26.596636	0.312614	0	0	0	0.000000e+00	197.443675
106	1887.050791	-1.798213	26.605510	0.312509	0	0	0	0.000000e+00	195.938923
107	1897.275566	-1.884055	26.615215	0.312395	0	0	0	0.000000e+00	194.306082
108	1907.402493	-1.969897	26.626218	0.312266	0	0	0	0.000000e+00	192.446615
109	1917.413822	-2.055739	26.639408	0.312112	0	0	0	0.000000e+00	190.244024
110	1927.286361	-2.141581	26.654897	0.311930	0	0	0	0.000000e+00	187.612538
111	1936.998514	-2.227423	26.673076	0.311718	0	0	0	0.000000e+00	184.561053
112	1946.533730	-2.313265	26.692989	0.311485	0	0	0	0.000000e+00	181.199760
113	1955.883208	-2.399107	26.713920	0.311241	0	0	0	0.000000e+00	177.670484
114	1965.044129	-2.484949	26.735151	0.310994	0	0	0	0.000000e+00	174.087327
115	1974.012563	-2.570790	26.756897	0.310741	0	0	0	0.000000e+00	170.427683
116	1982.760954	-2.656632	26.781661	0.310454	0	0	0	0.000000e+00	166.247072
117	1991.235018	-2.742474	26.812555	0.310096	0	0	0	0.000000e+00	161.035173
118	1999.364334	-2.828316	26.851433	0.309647	0	0	0	0.000000e+00	154.483380
119	2007.289177	-2.914158	26.946918	0.308550	1	0	0	0.000000e+00	150.599130
120	2015.139672	-3.000000	26.972839	0.109112	1	0	0	0.000000e+00	149.187027
