Layer	  Height	  log(P)	Temp_bound.	     Rflux	 isequil	dt
0	0.000000	7.301030	1020.415208	 -0.000193	0	1.232234e-28
1	52.620056	7.215188	979.042667	 -0.000180	1	9.311097e-03
2	103.064600	7.129346	937.803956	 -0.000019	1	9.311097e-03
3	151.338697	7.043504	896.631348	  0.000000	1	9.311097e-03
4	197.645165	6.957662	863.086325	 -0.000021	1	6.225316e-05
5	242.187212	6.871820	829.620433	 -0.000049	1	7.613444e-04
6	284.973970	6.785978	796.414957	 -0.000000	1	3.420054e-03
7	326.052830	6.700137	764.748545	 -0.000028	1	2.072760e-03
8	365.504466	6.614295	734.592813	 -0.000000	1	3.420054e-03
9	403.421003	6.528453	706.425459	 -0.000000	1	2.072760e-03
10	439.912164	6.442611	680.434754	 -0.000000	1	1.256218e-03
11	475.095341	6.356769	656.726274	  0.000000	1	3.420054e-03
12	509.066971	6.270927	634.401126	 -0.000000	1	4.614208e-04
13	541.866792	6.185085	612.197480	 -0.000001	1	3.420054e-03
14	573.485869	6.099243	589.524876	 -0.000001	1	2.796490e-04
15	603.896636	6.013401	566.281805	 -0.000000	1	1.256218e-03
16	633.072248	5.927559	542.580970	 -0.000001	1	3.420054e-03
17	660.994529	5.841717	518.651450	 -0.000001	1	2.796490e-04
18	687.677326	5.755875	495.473436	 -0.000000	1	7.613444e-04
19	713.180495	5.670034	473.820672	  0.000000	1	3.420054e-03
20	737.591864	5.584192	453.966394	 -0.000007	1	1.027177e-04
21	761.017620	5.498350	436.374071	 -0.000040	1	4.614208e-04
22	783.584654	5.412508	421.323221	  0.000001	1	2.072760e-03
23	805.429137	5.326666	408.912499	 -0.000000	1	2.796490e-04
24	826.469263	5.240824	390.749243	 -0.000001	0	1.256218e-03
25	846.619559	5.154982	375.097236	 -0.000018	1	1.027177e-04
26	865.924793	5.069140	358.629987	 -0.000005	0	3.420054e-03
27	884.462853	4.983298	345.945424	 -0.000031	1	1.027177e-04
28	902.311241	4.897456	332.410123	  0.000003	0	3.420054e-03
29	919.350679	4.811614	315.207594	 -0.000013	0	1.694842e-04
30	935.464251	4.725772	297.219109	 -0.000003	0	1.256218e-03
31	950.654181	4.639931	280.101187	  0.000004	1	3.420054e-03
32	964.959401	4.554089	263.592815	 -0.003350	0	2.286618e-05
33	978.602772	4.468247	254.950411	 -0.000025	0	5.643089e-03
34	991.819550	4.382405	247.381718	 -0.000441	1	1.027177e-04
35	1004.649506	4.296563	240.244110	 -0.000024	0	3.420054e-03
36	1017.133832	4.210721	234.243715	 -0.005279	0	2.796490e-04
37	1029.173445	4.124879	223.342481	  0.000024	0	5.643089e-03
38	1041.806147	4.039037	256.786591	 -0.000006	0	4.614208e-04
39	1054.921758	3.953195	241.693064	 -0.000038	0	3.420054e-03
40	1067.262792	3.867353	227.346352	  0.000008	0	1.256218e-03
41	1078.858225	3.781511	213.358982	 -0.000092	0	4.614208e-04
42	1089.733046	3.695669	199.956838	 -0.000049	0	3.420054e-03
43	1099.949974	3.609828	188.354613	  0.000016	0	1.256218e-03
44	1109.574098	3.523986	177.426856	 -0.000110	0	5.643089e-03
45	1119.364581	3.438144	194.679665	 -0.000002	0	1.256218e-03
46	1129.621678	3.352302	195.153842	  0.000082	0	5.643089e-03
47	1139.820153	3.266460	192.460156	 -0.033386	0	3.420054e-03
48	1150.034919	3.180618	195.773275	 -0.000216	0	9.311097e-03
49	1160.367185	3.094776	196.923873	 -0.000115	1	7.613444e-04
50	1170.741724	3.008934	197.375400	 -0.000193	0	5.643089e-03
51	1181.147947	2.923092	198.129059	 -0.000018	1	1.256218e-03
52	1191.407998	2.837250	191.820701	  0.000009	0	1.256218e-03
53	1201.206023	2.751408	180.568408	  0.000018	0	7.613444e-04
54	1210.417923	2.665566	169.546961	 -0.000015	0	4.614208e-04
55	1219.073641	2.579725	159.429114	 -0.000009	0	4.614208e-04
56	1227.199462	2.493883	149.407492	  0.000016	1	2.796490e-04
57	1234.832492	2.408041	140.702606	  0.000045	0	2.796490e-04
58	1242.379987	2.322199	146.152761	  0.000307	0	1.694842e-04
59	1250.402698	2.236357	158.764152	 -0.105414	0	2.796490e-04
60	1259.428168	2.150515	184.264827	 -0.000112	0	5.643089e-03
61	1269.378451	2.064673	193.907563	  0.568881	1	2.286618e-05
62	1279.797447	1.978831	202.086608	  0.465269	0	5.643089e-03
63	1290.513687	1.892989	205.203604	  0.308625	1	9.311097e-03
64	1301.366358	1.807147	207.270271	  0.754123	1	9.311097e-03
65	1312.317054	1.721305	208.929932	  0.000124	1	9.311097e-03
66	1323.348540	1.635463	210.342545	 -2.493440	1	2.796490e-04
67	1334.450743	1.549622	211.618039	 -1.308349	1	5.643089e-03
68	1345.618335	1.463780	212.823208	 -0.422332	1	2.072760e-03
69	1356.848968	1.377938	214.016366	  0.229844	1	7.613444e-04
70	1368.143398	1.292096	215.252038	 -0.000296	1	2.072760e-03
71	1379.504347	1.206254	216.535618	  0.083088	1	7.613444e-04
72	1390.940454	1.120412	218.110719	 -0.000787	1	3.420054e-03
73	1402.418475	1.034570	218.129213	  0.012465	1	4.614208e-04
74	1413.977318	0.948728	221.186091	  0.008752	0	1.256218e-03
75	1425.623881	0.862886	221.458549	  0.012753	1	2.072760e-03
76	1437.283870	0.777044	221.696381	  0.215795	1	3.420054e-03
77	1448.952722	0.691202	221.799861	 10.363209	1	3.420054e-03
78	1460.625802	0.605360	221.851679	  6.340446	1	5.643089e-03
79	1472.299534	0.519519	221.827725	 -4.520285	1	2.072760e-03
80	1483.969960	0.433677	221.727559	 -6.127160	1	5.643089e-03
81	1495.631581	0.347835	221.492883	 -5.048167	1	5.643089e-03
82	1507.275985	0.261993	221.072202	 -0.879755	1	5.643089e-03
83	1518.896290	0.176151	220.575388	  9.503521	1	5.643089e-03
84	1530.464822	0.090309	219.108349	-37.624260	1	5.643089e-03
85	1541.994686	0.004467	219.101891	 21.957491	1	9.311097e-03
86	1553.492426	-0.081375	217.888701	  0.740645	1	9.311097e-03
87	1564.931403	-0.167217	216.868495	  0.013878	1	9.311097e-03
88	1576.286316	-0.253059	214.690863	 -0.681083	1	3.420054e-03
89	1587.574440	-0.338901	214.335035	  0.149250	1	2.072760e-03
90	1598.818963	-0.424743	213.031834	  0.005623	1	9.311097e-03
91	1609.998436	-0.510584	211.860664	  0.551582	1	9.311097e-03
92	1621.117543	-0.596426	210.738389	  1.138138	1	9.311097e-03
93	1632.178570	-0.682268	209.653394	  0.702556	1	9.311097e-03
94	1643.183846	-0.768110	208.619107	  0.005387	1	1.536331e-02
95	1654.132966	-0.853952	207.517912	  0.528774	1	9.311097e-03
96	1665.022819	-0.939794	206.365625	  0.001147	1	1.536331e-02
97	1675.848650	-1.025636	205.086245	  0.997484	1	9.311097e-03
98	1686.604764	-1.111478	203.717208	  0.011915	1	1.536331e-02
99	1697.286074	-1.197320	202.241863	  0.019873	1	1.536331e-02
100	1707.892569	-1.283162	200.880259	  0.032266	1	1.536331e-02
101	1718.424399	-1.369004	199.405014	  0.049939	1	1.536331e-02
102	1728.876361	-1.454846	197.841133	  0.068502	1	1.536331e-02
103	1739.247917	-1.540687	196.349283	  0.109679	1	1.536331e-02
104	1749.543808	-1.626529	194.961866	  0.119522	1	1.536331e-02
105	1759.769212	-1.712371	193.671555	  0.113397	1	1.536331e-02
106	1769.928152	-1.798213	192.437178	  0.099521	1	1.536331e-02
107	1780.021675	-1.884055	191.181535	  0.086322	1	1.536331e-02
108	1790.044568	-1.969897	189.753829	  0.057743	1	1.536331e-02
109	1799.984357	-2.055739	188.023232	  0.024004	1	1.536331e-02
110	1809.823064	-2.141581	185.917338	  0.004291	1	1.536331e-02
111	1819.541730	-2.227423	183.456574	 -0.000010	1	2.534946e-02
112	1829.130717	-2.313265	180.991439	  0.001361	1	1.536331e-02
113	1838.574105	-2.399107	177.918244	  0.001383	1	1.536331e-02
114	1847.912387	-2.484949	176.997649	 -0.000136	1	5.643089e-03
115	1857.152239	-2.570790	174.175769	  0.020497	1	2.796490e-04
116	1866.338651	-2.656632	174.966692	  0.017998	1	1.256218e-03
117	1875.567484	-2.742474	175.789306	 -0.000148	1	1.536331e-02
118	1884.873626	-2.828316	177.904241	  0.022648	1	1.133156e-06
119	1894.049285	-2.914158	170.831481	 -0.000095	1	5.643089e-03
120	1903.087902	-3.000000	172.706285	  0.000213	1	1.133156e-06
