Layer	    Height	  log(P)	      cp	   lapse	nClouds	isconv	Conv_Region	  Pot_Temp	Temp_center
1	 52.847039	7.215188	29.198838	0.284754	0	0	0	0.000000e+00	1004.030010
2	103.597982	7.129346	29.069735	0.286018	0	0	0	0.000000e+00	964.228211
3	152.324818	7.043504	28.953869	0.287163	0	0	0	0.000000e+00	925.803037
4	199.330167	6.957662	28.861037	0.288086	0	0	0	0.000000e+00	893.118607
5	245.009102	6.871820	28.793271	0.288764	0	0	0	0.000000e+00	867.933175
6	289.330913	6.785978	28.727413	0.289426	0	0	0	0.000000e+00	842.162257
7	332.175193	6.700137	28.659835	0.290109	0	0	0	0.000000e+00	814.101521
8	373.712601	6.614295	28.603841	0.290677	0	0	0	0.000000e+00	789.279238
9	414.049675	6.528453	28.555576	0.291168	0	0	0	0.000000e+00	766.477732
10	453.311994	6.442611	28.514786	0.291585	0	0	0	0.000000e+00	746.059017
11	491.753881	6.356769	28.485329	0.291886	0	0	0	0.000000e+00	730.472252
12	529.297082	6.270927	28.454921	0.292198	0	0	0	0.000000e+00	713.399581
13	565.618762	6.185085	28.416465	0.292593	0	0	0	0.000000e+00	690.203825
14	600.715729	6.099243	28.381033	0.292959	0	0	0	0.000000e+00	666.941365
15	635.005019	6.013401	28.359304	0.293183	0	0	0	0.000000e+00	651.601964
16	668.341011	5.927559	28.335219	0.293432	0	0	0	0.000000e+00	633.488656
17	700.598965	5.841717	28.310566	0.293688	0	0	0	0.000000e+00	613.006253
18	731.564326	5.755875	28.283044	0.293974	0	1	1	6.040484e+02	588.442698
19	760.705201	5.670034	28.247524	0.294343	0	1	1	6.040484e+02	553.773516
20	788.570355	5.584192	28.225389	0.294574	0	0	0	0.000000e+00	529.533854
21	815.246277	5.498350	28.205771	0.294779	0	1	2	5.212604e+02	506.929563
22	840.447974	5.412508	28.197941	0.294861	0	0	0	0.000000e+00	478.918251
23	864.279301	5.326666	28.173400	0.295118	0	1	3	4.657651e+02	452.874990
24	886.743887	5.240824	28.144585	0.295420	0	1	3	4.657651e+02	426.903310
25	907.924210	5.154982	28.111022	0.295773	0	1	3	4.657651e+02	402.498035
26	927.969793	5.069140	28.063213	0.296277	0	0	0	0.000000e+00	380.931612
27	946.978540	4.983298	28.019780	0.296736	0	0	0	0.000000e+00	361.232673
28	964.944507	4.897456	27.963559	0.297332	0	1	4	3.514179e+02	341.410950
29	981.930839	4.811614	27.896748	0.298044	0	0	0	0.000000e+00	322.797004
30	997.946789	4.725772	27.809769	0.298977	0	1	5	3.124071e+02	304.357054
31	1013.843333	4.639931	27.795241	0.299133	0	0	0	0.000000e+00	302.087061
32	1029.974671	4.554089	27.819278	0.298874	0	0	0	0.000000e+00	306.548733
33	1046.231027	4.468247	27.831466	0.298744	0	0	0	0.000000e+00	308.925535
34	1062.441564	4.382405	27.827058	0.298791	0	0	0	0.000000e+00	308.052529
35	1077.877714	4.296563	27.307266	0.304478	0	0	0	0.000000e+00	293.338333
36	1093.234004	4.210721	27.789512	0.299195	0	0	0	0.000000e+00	291.819594
37	1107.423314	4.124879	27.511794	0.302215	1	1	6	2.554852e+02	269.645343
38	1120.630523	4.039037	26.983324	0.308134	1	0	0	0.000000e+00	250.981773
39	1133.952186	3.953195	26.926726	0.308781	1	1	7	2.572158e+02	253.155495
40	1146.448892	3.867353	26.785222	0.310413	1	1	7	2.572158e+02	237.478856
41	1158.130691	3.781511	26.655454	0.311924	1	1	7	2.572158e+02	221.991630
42	1169.004844	3.695669	26.526517	0.304571	1	1	7	2.572158e+02	206.645106
43	1179.118170	3.609828	26.532402	0.305007	1	1	7	2.572158e+02	192.188450
44	1188.564088	3.523986	26.610280	0.303998	1	1	7	2.572158e+02	179.504991
45	1197.861780	3.438144	26.620883	0.304216	1	0	0	0.000000e+00	176.687628
46	1207.433603	3.352302	26.583786	0.305322	1	0	0	0.000000e+00	181.897195
47	1217.275612	3.266460	26.553259	0.306137	1	0	0	0.000000e+00	187.031946
48	1227.351653	3.180618	26.526921	0.306893	1	0	0	0.000000e+00	191.477994
49	1237.551784	3.094776	26.512873	0.307215	0	0	0	0.000000e+00	193.835463
50	1247.942444	3.008934	26.491344	0.313856	0	0	0	0.000000e+00	197.458097
51	1258.347003	2.923092	26.489536	0.313878	0	0	0	0.000000e+00	197.721018
52	1268.301819	2.837250	26.540216	0.306581	0	1	8	1.947990e+02	189.175463
53	1277.730028	2.751408	26.593814	0.305272	0	0	0	0.000000e+00	179.168277
54	1286.562432	2.665566	26.660538	0.303496	0	1	9	1.702057e+02	167.844762
55	1294.766680	2.579725	26.737409	0.301826	1	1	9	1.702057e+02	155.908778
56	1302.466655	2.493883	26.795953	0.302268	1	1	9	1.702057e+02	146.324267
57	1309.748283	2.408041	26.842962	0.303278	1	0	0	0.000000e+00	138.376464
58	1316.681045	2.322199	26.881132	0.304347	1	0	0	0.000000e+00	131.746409
59	1324.317187	2.236357	26.801595	0.307313	1	0	0	0.000000e+00	145.112938
60	1333.363196	2.150515	26.642442	0.310435	1	0	0	0.000000e+00	171.903883
61	1343.289578	2.064673	26.543063	0.313245	0	0	0	0.000000e+00	188.631791
62	1353.744881	1.978831	26.483290	0.313952	0	0	0	0.000000e+00	198.688248
63	1364.454866	1.892989	26.502859	0.313720	0	0	0	0.000000e+00	203.526273
64	1375.298966	1.807147	26.522605	0.313486	0	0	0	0.000000e+00	206.076421
65	1386.239603	1.721305	26.536875	0.313318	0	0	0	0.000000e+00	207.905273
66	1397.261409	1.635463	26.548841	0.313176	0	0	0	0.000000e+00	209.449123
67	1408.354154	1.549622	26.559273	0.313053	0	0	0	0.000000e+00	210.799044
68	1419.514381	1.463780	26.569232	0.312936	0	0	0	0.000000e+00	212.079347
69	1430.739078	1.377938	26.578747	0.312824	0	0	0	0.000000e+00	213.305908
70	1442.028637	1.292096	26.588273	0.312712	0	0	0	0.000000e+00	214.539995
71	1453.387836	1.206254	26.598539	0.312591	0	0	0	0.000000e+00	215.862949
72	1464.822527	1.120412	26.609635	0.312461	0	0	0	0.000000e+00	217.299251
73	1476.346319	1.034570	26.622800	0.312306	0	0	0	0.000000e+00	218.988236
74	1487.950461	0.948728	26.634624	0.312168	0	0	0	0.000000e+00	220.517419
75	1499.592519	0.862886	26.640214	0.312102	0	0	0	0.000000e+00	221.237071
76	1511.243238	0.777044	26.641485	0.312087	0	0	0	0.000000e+00	221.403812
77	1522.897055	0.691202	26.641937	0.312082	0	0	0	0.000000e+00	221.462580
78	1534.548387	0.605360	26.641576	0.312086	0	0	0	0.000000e+00	221.412661
79	1546.194282	0.519519	26.640781	0.312096	0	0	0	0.000000e+00	221.310218
80	1557.826253	0.433677	26.638752	0.312119	0	0	0	0.000000e+00	221.046021
81	1569.436004	0.347835	26.635467	0.312158	0	0	0	0.000000e+00	220.624213
82	1581.003272	0.261993	26.629199	0.312231	0	0	0	0.000000e+00	219.816770
83	1592.549920	0.176151	26.626175	0.312267	0	0	0	0.000000e+00	219.423226
84	1603.983151	0.090309	26.609438	0.312463	0	0	0	0.000000e+00	217.271608
85	1615.366771	0.004467	26.602155	0.312549	0	0	0	0.000000e+00	216.324514
86	1626.743514	-0.081375	26.601111	0.312561	0	0	0	0.000000e+00	216.195276
87	1638.048325	-0.167217	26.590517	0.312686	0	0	0	0.000000e+00	214.828022
88	1649.344600	-0.253059	26.589271	0.312700	0	0	0	0.000000e+00	214.666495
89	1660.578341	-0.338901	26.580086	0.312808	0	0	0	0.000000e+00	213.475863
90	1671.755048	-0.424743	26.571657	0.312908	0	0	0	0.000000e+00	212.395382
91	1682.842176	-0.510584	26.558406	0.313064	0	0	0	0.000000e+00	210.693938
92	1693.864462	-0.596426	26.548873	0.313176	0	0	0	0.000000e+00	209.461294
93	1704.871547	-0.682268	26.546639	0.313202	0	0	0	0.000000e+00	209.171762
94	1715.829965	-0.768110	26.539500	0.313287	0	0	0	0.000000e+00	208.246213
95	1726.735020	-0.853952	26.531629	0.313380	0	0	0	0.000000e+00	207.231690
96	1737.582942	-0.939794	26.523210	0.313479	0	0	0	0.000000e+00	206.145965
97	1748.369489	-1.025636	26.514116	0.313587	0	0	0	0.000000e+00	204.982008
98	1759.087198	-1.111478	26.504004	0.313706	0	0	0	0.000000e+00	203.670758
99	1769.726034	-1.197320	26.492362	0.313844	0	0	0	0.000000e+00	202.174600
100	1780.288855	-1.283162	26.481176	0.313977	0	0	0	0.000000e+00	200.730328
101	1790.772102	-1.369004	26.480203	0.313988	0	0	0	0.000000e+00	199.215267
102	1801.170673	-1.454846	26.489721	0.313875	0	0	0	0.000000e+00	197.608303
103	1811.473327	-1.540687	26.500515	0.313748	0	0	0	0.000000e+00	195.785927
104	1821.697415	-1.626529	26.509423	0.313642	0	0	0	0.000000e+00	194.292500
105	1831.852904	-1.712371	26.517151	0.313551	0	0	0	0.000000e+00	192.988576
106	1841.946584	-1.798213	26.524098	0.313469	0	0	0	0.000000e+00	191.814305
107	1851.973084	-1.884055	26.531693	0.313379	0	0	0	0.000000e+00	190.537286
108	1861.925824	-1.969897	26.540054	0.313280	0	0	0	0.000000e+00	189.133104
109	1871.781431	-2.055739	26.550932	0.313152	0	0	0	0.000000e+00	187.291323
110	1881.538522	-2.141581	26.562123	0.313020	0	0	0	0.000000e+00	185.414963
111	1891.160009	-2.227423	26.577404	0.312840	0	0	0	0.000000e+00	182.839408
112	1900.663823	-2.313265	26.590666	0.312684	0	0	0	0.000000e+00	180.603404
113	1910.037557	-2.399107	26.605259	0.312512	0	0	0	0.000000e+00	178.134810
114	1919.283896	-2.484949	26.619691	0.312343	0	0	0	0.000000e+00	175.711429
115	1928.462870	-2.570790	26.627269	0.312254	0	0	0	0.000000e+00	174.431446
116	1937.623490	-2.656632	26.629327	0.312230	0	0	0	0.000000e+00	174.083650
117	1946.851227	-2.742474	26.621752	0.312319	0	0	0	0.000000e+00	175.359952
118	1956.125539	-2.828316	26.616533	0.312380	0	0	0	0.000000e+00	176.243253
119	1965.506883	-2.914158	26.604423	0.312522	0	0	0	0.000000e+00	178.278545
120	1974.927014	-3.000000	26.600065	0.312573	0	0	0	0.000000e+00	179.014838
