Layer	  Height	  log(P)	Temp_bound.	     Rflux	 isequil	dt
0	0.000000	7.301030	1024.835333	 -0.000114	0	1.232234e-28
1	52.900527	7.215188	985.215828	 -0.000000	1	5.130081e-03
2	103.739779	7.129346	946.544165	  0.000000	1	5.130081e-03
3	152.629209	7.043504	911.166388	 -0.000001	1	1.540766e-04
4	199.849017	6.957662	883.131704	 -0.000001	1	6.921313e-04
5	245.646414	6.871820	857.138545	  0.000000	1	1.884327e-03
6	290.131140	6.785978	833.264954	 -0.000000	1	4.194735e-04
7	333.412674	6.700137	811.428044	 -0.000000	1	4.194735e-04
8	375.591753	6.614295	791.379137	 -0.000000	1	4.194735e-04
9	416.742448	6.528453	772.362561	 -0.000000	1	4.194735e-04
10	456.907998	6.442611	753.949252	 -0.000000	1	1.540766e-04
11	496.108509	6.356769	735.691370	  0.000000	1	6.921313e-04
12	534.339468	6.270927	717.122430	 -0.000000	1	9.337975e-05
13	571.573850	6.185085	697.835148	 -0.000000	1	1.540766e-04
14	607.764403	6.099243	677.477085	 -0.000000	1	1.540766e-04
15	642.850710	6.013401	655.902548	  0.000000	1	9.337975e-05
16	676.771472	5.927559	633.215471	 -0.000000	1	9.337975e-05
17	709.475953	5.841717	609.704356	  0.000000	1	3.429926e-05
18	740.936586	5.755875	585.965309	 -0.000000	1	9.337975e-05
19	771.151816	5.670034	562.383953	 -0.000000	1	5.659379e-05
20	800.141299	5.584192	539.393984	 -0.000000	1	5.659379e-05
21	827.944604	5.498350	517.311765	 -0.000000	1	5.659379e-05
22	854.617255	5.412508	496.421460	 -0.000000	1	3.429926e-05
23	880.210616	5.326666	476.297447	 -0.000000	1	7.635421e-06
24	904.757931	5.240824	456.661792	  0.000000	1	6.921313e-04
25	928.289037	5.154982	437.674247	 -0.000000	1	3.429926e-05
26	950.851953	5.069140	419.873075	 -0.000000	1	1.259844e-05
27	972.525767	4.983298	403.879281	  0.000000	1	9.337975e-05
28	993.389185	4.897456	389.068048	 -0.000000	1	3.429926e-05
29	1013.459428	4.811614	373.737063	 -0.000000	1	1.259844e-05
30	1032.681634	4.725772	356.833635	  0.000001	1	4.194735e-04
31	1050.921701	4.639931	336.410346	  0.000000	1	2.078743e-05
32	1068.113257	4.554089	316.988231	  0.000000	0	5.659379e-05
33	1084.311964	4.468247	298.668873	  0.000000	0	5.659379e-05
34	1099.565183	4.382405	281.055561	  0.000000	0	2.078743e-05
35	1113.915766	4.296563	264.361651	  0.000001	0	9.337975e-05
36	1127.480701	4.210721	251.200939	  0.000000	0	3.429926e-05
37	1140.433396	4.124879	241.087930	  0.000001	0	9.337975e-05
38	1152.762717	4.039037	227.511598	  0.000000	0	3.429926e-05
39	1164.398779	3.953195	214.734436	  0.000001	0	9.337975e-05
40	1175.616986	3.867353	211.633208	  0.000001	0	5.659379e-05
41	1186.691925	3.781511	209.286093	  0.000001	0	5.659379e-05
42	1197.657166	3.695669	207.468515	  0.000002	1	5.659379e-05
43	1208.535346	3.609828	205.980252	  0.000002	1	5.659379e-05
44	1219.342386	3.523986	204.756838	  0.000004	0	9.337975e-05
45	1230.086084	3.438144	203.578214	  0.000002	1	5.659379e-05
46	1240.772086	3.352302	202.558554	  0.000014	0	1.540766e-04
47	1251.407199	3.266460	201.648381	 -0.012299	1	3.429926e-05
48	1262.001726	3.180618	201.012359	 -0.000296	1	1.396665e-02
49	1272.579289	3.094776	201.004415	  0.000009	1	5.659379e-05
50	1283.178381	3.008934	201.835641	  0.000023	1	9.337975e-05
51	1293.819475	2.923092	202.597717	  0.000023	1	1.540766e-04
52	1304.483857	2.837250	202.721013	  0.000018	1	9.337975e-05
53	1315.158243	2.751408	202.979502	  0.000019	1	9.337975e-05
54	1325.836313	2.665566	202.858411	  0.000010	0	9.337975e-05
55	1336.511638	2.579725	202.870075	  0.000010	1	5.659379e-05
56	1347.187352	2.493883	202.877232	  0.000011	1	1.540766e-04
57	1357.865026	2.408041	202.943505	  0.000021	1	9.337975e-05
58	1368.550623	2.322199	203.180245	  0.000028	1	9.337975e-05
59	1379.259409	2.236357	203.820148	  0.000048	1	5.659379e-05
60	1390.020467	2.150515	205.175024	  0.000119	1	9.337975e-05
61	1400.888330	2.064673	207.879520	  0.002248	1	2.078743e-05
62	1411.907854	1.978831	210.932503	 -0.000563	1	5.130081e-03
63	1423.048657	1.892989	212.491393	  0.000201	1	5.659379e-05
64	1434.251890	1.807147	213.309163	  0.000208	1	3.429926e-05
65	1445.493683	1.721305	213.952262	  0.000095	1	1.540766e-04
66	1456.766209	1.635463	214.480760	  0.000232	1	3.429926e-05
67	1468.065922	1.549622	214.982035	  0.034843	1	3.429926e-05
68	1479.392955	1.463780	215.523385	 -0.000267	1	1.884327e-03
69	1490.751013	1.377938	216.154790	  0.000465	1	3.429926e-05
70	1502.145651	1.292096	216.923492	  0.000184	1	5.659379e-05
71	1513.585557	1.206254	217.871854	 -0.000263	1	1.884327e-03
72	1525.084595	1.120412	219.168418	 -0.005396	1	2.078743e-05
73	1536.647146	1.034570	220.286004	 -0.000480	1	6.921313e-04
74	1548.285973	0.948728	222.063604	  0.001721	1	1.540766e-04
75	1559.974164	0.862886	222.168806	 -0.021008	1	1.540766e-04
76	1571.666432	0.777044	222.214474	 -0.000991	1	1.142017e-03
77	1583.358845	0.691202	222.177149	 -0.029923	1	1.540766e-04
78	1595.048691	0.605360	222.112719	  0.003611	1	1.884327e-03
79	1606.734490	0.519519	222.024625	  0.004741	1	4.194735e-04
80	1618.414307	0.433677	221.887279	  0.018893	1	1.142017e-03
81	1630.084447	0.347835	221.656163	 -0.459329	1	1.142017e-03
82	1641.739068	0.261993	221.296684	  9.491515	1	5.130081e-03
83	1653.371044	0.176151	220.800753	 13.723297	1	8.464634e-03
84	1664.973700	0.090309	220.179492	  4.754472	1	8.464634e-03
85	1676.539249	0.004467	219.392190	  0.055643	1	8.464634e-03
86	1688.057283	-0.081375	218.370627	 -1.431455	1	6.921313e-04
87	1699.517059	-0.167217	217.177767	 -1.349972	1	3.109140e-03
88	1710.912293	-0.253059	215.915663	 -1.558386	1	5.130081e-03
89	1722.240528	-0.338901	214.633351	 -0.467125	1	8.464634e-03
90	1733.502022	-0.424743	213.378826	 -0.090045	1	1.884327e-03
91	1744.699131	-0.510584	212.184557	  0.091116	1	6.921313e-04
92	1755.835103	-0.596426	211.057685	 -0.000808	1	1.884327e-03
93	1766.913039	-0.682268	209.979696	  0.002810	1	1.884327e-03
94	1777.934546	-0.768110	208.909704	  0.113767	1	6.921313e-04
95	1788.898356	-0.853952	207.790016	  0.000649	1	1.142017e-03
96	1799.800524	-0.939794	206.564619	 -0.000545	1	1.142017e-03
97	1810.634502	-1.025636	205.200030	  0.001278	1	1.142017e-03
98	1821.393027	-1.111478	203.700767	 -0.000287	1	1.142017e-03
99	1832.070579	-1.197320	202.114250	  0.000691	1	6.921313e-04
100	1842.663081	-1.283162	200.471608	  0.001423	1	4.194735e-04
101	1853.165371	-1.369004	198.686793	  0.000180	1	4.194735e-04
102	1863.571151	-1.454846	196.806928	  0.000041	1	6.921313e-04
103	1873.880425	-1.540687	195.012998	  0.007412	1	1.030142e-06
104	1884.098164	-1.626529	193.329486	 -0.000028	1	2.542264e-04
105	1894.230444	-1.712371	191.769141	 -0.000043	1	1.030142e-06
106	1904.283200	-1.798213	190.301986	 -0.000002	1	2.078743e-05
107	1914.259018	-1.884055	188.846649	 -0.000027	1	2.804562e-06
108	1924.155350	-1.969897	187.279238	 -0.000000	1	2.078743e-05
109	1933.962948	-2.055739	185.475755	 -0.000007	1	1.259844e-05
110	1943.667937	-2.141581	183.377866	  0.000000	1	3.429926e-05
111	1953.256208	-2.227423	181.037849	  0.000000	1	3.429926e-05
112	1962.719901	-2.313265	178.643200	 -0.000004	1	7.635421e-06
113	1972.063779	-2.399107	176.485493	  0.000000	1	3.429926e-05
114	1981.308296	-2.484949	174.868834	 -0.000003	1	5.659379e-05
115	1990.488191	-2.570790	174.023381	  0.000000	1	2.078743e-05
116	1999.644008	-2.656632	173.957476	 -0.000001	1	2.078743e-05
117	2008.817811	-2.742474	174.706539	  0.000000	1	1.259844e-05
118	2018.039020	-2.828316	175.766734	 -0.000001	1	3.429926e-05
119	2027.366264	-2.914158	178.728592	  0.000000	1	1.259844e-05
120	2036.734882	-3.000000	177.345773	 -0.000000	1	1.259844e-05
