Layer	    Height	  log(P)	      cp	   lapse	nClouds	isconv	Conv_Region	  Pot_Temp	Temp_center
1	 52.900527	7.215188	29.201521	0.284727	0	0	0	0.000000e+00	1005.025581
2	103.739779	7.129346	29.074165	0.285975	0	0	0	0.000000e+00	965.879996
3	152.629209	7.043504	28.961976	0.287082	0	0	0	0.000000e+00	928.855276
4	199.849017	6.957662	28.871183	0.287985	0	0	0	0.000000e+00	897.149046
5	245.646414	6.871820	28.797848	0.288719	0	0	0	0.000000e+00	870.135124
6	290.131140	6.785978	28.733625	0.289364	0	0	0	0.000000e+00	845.201749
7	333.412674	6.700137	28.677780	0.289927	0	0	0	0.000000e+00	822.346499
8	375.591753	6.614295	28.629212	0.290419	0	0	0	0.000000e+00	801.403591
9	416.742448	6.528453	28.586189	0.290856	0	0	0	0.000000e+00	781.870849
10	456.907998	6.442611	28.547123	0.291254	0	0	0	0.000000e+00	763.155907
11	496.108509	6.356769	28.510872	0.291625	0	0	0	0.000000e+00	744.820311
12	534.339468	6.270927	28.476547	0.291976	0	0	0	0.000000e+00	726.406900
13	571.573850	6.185085	28.443440	0.292316	0	0	0	0.000000e+00	707.478789
14	607.764403	6.099243	28.411091	0.292649	0	0	0	0.000000e+00	687.656116
15	642.850710	6.013401	28.379409	0.292976	0	0	0	0.000000e+00	666.689817
16	676.771472	5.927559	28.348667	0.293293	0	0	0	0.000000e+00	644.559010
17	709.475953	5.841717	28.319377	0.293597	0	0	0	0.000000e+00	621.459914
18	740.936586	5.755875	28.292108	0.293880	0	0	0	0.000000e+00	597.834832
19	771.151816	5.670034	28.267235	0.294138	0	0	0	0.000000e+00	574.174631
20	800.141299	5.584192	28.244684	0.294373	0	0	0	0.000000e+00	550.888968
21	827.944604	5.498350	28.224257	0.294586	0	0	0	0.000000e+00	528.352874
22	854.617255	5.412508	28.205521	0.294782	0	0	0	0.000000e+00	506.866612
23	880.210616	5.326666	28.204489	0.294793	0	0	0	0.000000e+00	486.359453
24	904.757931	5.240824	28.186506	0.294981	0	0	0	0.000000e+00	466.479619
25	928.289037	5.154982	28.167431	0.295180	0	0	0	0.000000e+00	447.168019
26	950.851953	5.069140	28.146837	0.295396	0	0	0	0.000000e+00	428.773661
27	972.525767	4.983298	28.124956	0.295626	0	0	0	0.000000e+00	411.876178
28	993.389185	4.897456	28.090884	0.295985	0	0	0	0.000000e+00	396.473664
29	1013.459428	4.811614	28.064136	0.296267	0	0	0	0.000000e+00	381.402556
30	1032.681634	4.725772	28.029846	0.296629	0	0	0	0.000000e+00	365.285349
31	1050.921701	4.639931	27.980163	0.297156	0	1	1	3.564693e+02	346.621991
32	1068.113257	4.554089	27.911200	0.297890	0	1	1	3.564693e+02	326.699289
33	1084.311964	4.468247	27.825912	0.298803	0	1	1	3.564693e+02	307.828552
34	1099.565183	4.382405	27.279723	0.304786	0	1	1	3.564693e+02	289.862217
35	1113.915766	4.296563	27.145829	0.306289	0	1	1	3.564693e+02	272.708606
36	1127.480701	4.210721	27.030789	0.307593	0	0	0	0.000000e+00	257.781295
37	1140.433396	4.124879	26.927838	0.199264	1	1	2	2.507729e+02	246.144435
38	1152.762717	4.039037	26.753770	0.310778	0	0	0	0.000000e+00	234.299764
39	1164.398779	3.953195	26.658400	0.292723	1	1	3	2.275253e+02	221.123017
40	1175.616986	3.867353	26.582358	0.303416	1	0	0	0.000000e+00	213.183822
41	1186.691925	3.781511	26.557562	0.313074	0	0	0	0.000000e+00	210.459651
42	1197.657166	3.695669	26.541382	0.313264	0	0	0	0.000000e+00	208.377304
43	1208.535346	3.609828	26.528530	0.313416	0	0	0	0.000000e+00	206.724384
44	1219.342386	3.523986	26.518100	0.313540	0	0	0	0.000000e+00	205.368545
45	1230.086084	3.438144	26.508722	0.313650	0	0	0	0.000000e+00	204.167526
46	1240.772086	3.352302	26.500263	0.313751	0	0	0	0.000000e+00	203.068384
47	1251.407199	3.266460	26.492711	0.313840	0	0	0	0.000000e+00	202.103467
48	1262.001726	3.180618	26.486771	0.313910	0	0	0	0.000000e+00	201.330370
49	1272.579289	3.094776	26.484269	0.313940	0	0	0	0.000000e+00	201.008387
50	1283.178381	3.008934	26.487394	0.313903	0	0	0	0.000000e+00	201.420028
51	1293.819475	2.923092	26.493611	0.313829	0	0	0	0.000000e+00	202.216679
52	1304.483857	2.837250	26.497043	0.313789	0	0	0	0.000000e+00	202.659365
53	1315.158243	2.751408	26.498512	0.313771	0	0	0	0.000000e+00	202.850257
54	1325.836313	2.665566	26.499075	0.313765	0	0	0	0.000000e+00	202.918957
55	1336.511638	2.579725	26.498700	0.313769	0	0	0	0.000000e+00	202.864243
56	1347.187352	2.493883	26.498744	0.313769	0	0	0	0.000000e+00	202.873654
57	1357.865026	2.408041	26.499024	0.313765	0	0	0	0.000000e+00	202.910369
58	1368.550623	2.322199	26.500190	0.313751	0	0	0	0.000000e+00	203.061875
59	1379.259409	2.236357	26.503636	0.313711	0	0	0	0.000000e+00	203.500196
60	1390.020467	2.150515	26.511272	0.313620	0	0	0	0.000000e+00	204.497586
61	1400.888330	2.064673	26.527012	0.313434	0	0	0	0.000000e+00	206.527272
62	1411.907854	1.978831	26.549403	0.313170	0	0	0	0.000000e+00	209.406012
63	1423.048657	1.892989	26.567256	0.312959	0	0	0	0.000000e+00	211.711948
64	1434.251890	1.807147	26.576450	0.312851	0	0	0	0.000000e+00	212.900278
65	1445.493683	1.721305	26.582146	0.312784	0	0	0	0.000000e+00	213.630712
66	1456.766209	1.635463	26.586668	0.312731	0	0	0	0.000000e+00	214.216511
67	1468.065922	1.549622	26.590692	0.312684	0	0	0	0.000000e+00	214.731397
68	1479.392955	1.463780	26.594689	0.312637	0	0	0	0.000000e+00	215.252710
69	1490.751013	1.377938	26.599298	0.312582	0	0	0	0.000000e+00	215.839088
70	1502.145651	1.292096	26.604635	0.312520	0	0	0	0.000000e+00	216.539141
71	1513.585557	1.206254	26.611318	0.312441	0	0	0	0.000000e+00	217.397673
72	1525.084595	1.120412	26.620053	0.312339	0	0	0	0.000000e+00	218.520136
73	1536.647146	1.034570	26.629411	0.312229	0	0	0	0.000000e+00	219.727211
74	1548.285973	0.948728	26.640671	0.312097	0	0	0	0.000000e+00	221.174804
75	1559.974164	0.862886	26.647883	0.312012	0	0	0	0.000000e+00	222.116205
76	1571.666432	0.777044	26.648523	0.312005	0	0	0	0.000000e+00	222.191640
77	1583.358845	0.691202	26.648524	0.312005	0	0	0	0.000000e+00	222.195811
78	1595.048691	0.605360	26.648185	0.312009	0	0	0	0.000000e+00	222.144934
79	1606.734490	0.519519	26.647592	0.312016	0	0	0	0.000000e+00	222.068672
80	1618.414307	0.433677	26.646681	0.312027	0	0	0	0.000000e+00	221.955952
81	1630.084447	0.347835	26.645261	0.312043	0	0	0	0.000000e+00	221.771721
82	1641.739068	0.261993	26.642977	0.312070	0	0	0	0.000000e+00	221.476424
83	1653.371044	0.176151	26.639604	0.312109	0	0	0	0.000000e+00	221.048719
84	1664.973700	0.090309	26.635309	0.312160	0	0	0	0.000000e+00	220.490123
85	1676.539249	0.004467	26.629843	0.312224	0	0	0	0.000000e+00	219.785841
86	1688.057283	-0.081375	26.622839	0.312306	0	0	0	0.000000e+00	218.881409
87	1699.517059	-0.167217	26.614274	0.312406	0	0	0	0.000000e+00	217.774197
88	1710.912293	-0.253059	26.604764	0.312518	0	0	0	0.000000e+00	216.546715
89	1722.240528	-0.338901	26.594892	0.312634	0	0	0	0.000000e+00	215.274507
90	1733.502022	-0.424743	26.585060	0.312750	0	0	0	0.000000e+00	214.006089
91	1744.699131	-0.510584	26.575561	0.312862	0	0	0	0.000000e+00	212.781691
92	1755.835103	-0.596426	26.566554	0.312968	0	0	0	0.000000e+00	211.621121
93	1766.913039	-0.682268	26.557994	0.313069	0	0	0	0.000000e+00	210.518690
94	1777.934546	-0.768110	26.549661	0.313167	0	0	0	0.000000e+00	209.444700
95	1788.898356	-0.853952	26.541184	0.313267	0	0	0	0.000000e+00	208.349860
96	1799.800524	-0.939794	26.532106	0.313374	0	0	0	0.000000e+00	207.177317
97	1810.634502	-1.025636	26.522036	0.313493	0	0	0	0.000000e+00	205.882324
98	1821.393027	-1.111478	26.510902	0.313625	0	0	0	0.000000e+00	204.450398
99	1832.070579	-1.197320	26.499013	0.313765	0	0	0	0.000000e+00	202.907508
100	1842.663081	-1.283162	26.486456	0.313914	0	0	0	0.000000e+00	201.292929
101	1853.165371	-1.369004	26.478905	0.314004	0	0	0	0.000000e+00	199.579200
102	1863.571151	-1.454846	26.489755	0.313875	0	0	0	0.000000e+00	197.746860
103	1873.880425	-1.540687	26.500693	0.313745	0	0	0	0.000000e+00	195.909963
104	1884.098164	-1.626529	26.511034	0.313623	0	0	0	0.000000e+00	194.171242
105	1894.230444	-1.712371	26.520625	0.313510	0	0	0	0.000000e+00	192.549313
106	1904.283200	-1.798213	26.529644	0.313403	0	0	0	0.000000e+00	191.035563
107	1914.259018	-1.884055	26.538289	0.313301	0	0	0	0.000000e+00	189.574318
108	1924.155350	-1.969897	26.547301	0.313195	0	0	0	0.000000e+00	188.062944
109	1933.962948	-2.055739	26.557260	0.313077	0	0	0	0.000000e+00	186.377496
110	1943.667937	-2.141581	26.568857	0.312941	0	0	0	0.000000e+00	184.426810
111	1953.256208	-2.227423	26.582098	0.312785	0	0	0	0.000000e+00	182.207857
112	1962.719901	-2.313265	26.596109	0.312620	0	0	0	0.000000e+00	179.840524
113	1972.063779	-2.399107	26.609611	0.312461	0	0	0	0.000000e+00	177.564347
114	1981.308296	-2.484949	26.620765	0.312330	0	0	0	0.000000e+00	175.677163
115	1990.488191	-2.570790	26.628130	0.312244	0	0	0	0.000000e+00	174.446107
116	1999.644008	-2.656632	26.630806	0.312213	0	0	0	0.000000e+00	173.990428
117	2008.817811	-2.742474	26.628799	0.312236	0	0	0	0.000000e+00	174.332008
118	2018.039020	-2.828316	26.623382	0.312300	0	0	0	0.000000e+00	175.236637
119	2027.366264	-2.914158	26.611490	0.312439	0	0	0	0.000000e+00	177.247663
120	2036.734882	-3.000000	26.606722	0.312495	0	0	0	0.000000e+00	178.037182
